5638892
5628404
5531409
5531343
5589632
5531334
5616086
5589317
5616098
5482782
5616338
5616239
5628563
5574560
5616413
5616512
5628632
5616614
5558028
5589329
5616386
5531034
5628542
5616188
5589659
5589335
5638913
5616122
5616368
5558103
5628500
5616491
5530914
5616350
5601176
5616245
5638988
5628482
5638937
5616659
5483178
5616257
5638928
5616302
5638922
5616296
5558187
5616380
5616527
5628521
5628389
5473608
5537940
5531271
5589689
5628572
5628383
5482767
5531280
5628494
5616620
5531109
5628440
